                                                                                                    
 1   1    1              1                        1                                                 
  1   1   11   1    1     1   1    1              11   1    1              1                        
   1   1   11  11   11   1 1  11   11   1    1     11  11   21   1    1    11   1    1              
    1   1   11  11  111  11 1 111  111  21   11   1 11 111  121  21   21   111  21   21   1    1    
     1   1   11  11  111 111 11111 1111 121  211  21 111111 1121 221  221  2111 221  221  31   21   
      1   1   11  11  111 111 21111111111121 1211 221 131111211211221 2221 321112221 2221 331  321  
       1   1   11  11  111 111 21112111121121112111221 331113211231221222212321142221322212331 3321 
        1   1   11  11  111 111 21112111221122112121221133113321143122322223232144222432224233133321
         1   1   11  11  111 111 2111211122113211222122213312332134312432224323234422543226423343332
          1   1   11  11  111 111 211121112211321132212321332233223431443224432343442454325642374333
           1   1   11  11  111 111 21112111221132113221332134223332343244324443254344445434564267433
            1   1   11  11  111 111 2111211122113211322133214422343234424433444345434644545456446743
             1   1   11  11  111 111 211121112211321132213321442244323542444344444543664456545664674
              1   1   11  11  111 111 21112111221132113221332144224432454245434454454466447654586467
               1   1   11  11  111 111 2111211122113211322133214422443245425543455445546645765478646
                1   1   11  11  111 111 211121112211321132213321442244324542554355544654665576557864
                 1   1   11  11  111 111 21112111221132113221332144224432454255435554565467557665786
                  1   1   11  11  111 111 2111211122113211322133214422443245425543555456547755776578
                   1   1   11  11  111 111 211121112211321132213321442244324542554355545654775587657
                    1   1   11  11  111 111 21112111221132113221332144224432454255435554565477558765
                     1   1   11  11  111 111 2111211122113211322133214422443245425543555456547755876
                      1   1   11  11  111 111 211121112211321132213321442244324542554355545654775587
                       1   1   11  11  111 111 21112111221132113221332144224432454255435554565477558
                        1   1   11  11  111 111 2111211122113211322133214422443245425543555456547755
                         1   1   11  11  111 111 211121112211321132213321442244324542554355545654775
                          1   1   11  11  111 111 21112111221132113221332144224432454255435554565477
                           1   1   11  11  111 111 2111211122113211322133214422443245425543555456547
                            1   1   11  11  111 111 211121112211321132213321442244324542554355545654
                             1   1   11  11  111 111 21112111221132113221332144224432454255435554565
                              1   1   11  11  111 111 2111211122113211322133214422443245425543555456
                               1   1   11  11  111 111 211121112211321132213321442244324542554355545
                                1   1   11  11  111 111 21112111221132113221332144224432454255435554
                                 1   1   11  11  111 111 2111211122113211322133214422443245425543555
                                  1   1   11  11  111 111 211121112211321132213321442244324542554355
                                   1   1   11  11  111 111 21112111221132113221332144224432454255435
                                    1   1   11  11  111 111 2111211122113211322133214422443245425543
                                     1   1   11  11  111 111 211121112211321132213321442244324542554
                                      1   1   11  11  111 111 21112111221132113221332144224432454255
                                       1   1   11  11  111 111 2111211122113211322133214422443245425
                                        1   1   11  11  111 111 211121112211321132213321442244324542
                                         1   1   11  11  111 111 21112111221132113221332144224432454
                                          1   1   11  11  111 111 2111211122113211322133214422443245
                                           1   1   11  11  111 111 211121112211321132213321442244324
                                            1   1   11  11  111 111 21112111221132113221332144224432
                                             1   1   11  11  111 111 2111211122113211322133214422443
                                              1   1   11  11  111 111 211121112211321132213321442244
                                               1   1   11  11  111 111 21112111221132113221332144224
                                                1   1   11  11  111 111 2111211122113211322133214422
                                                 1   1   11  11  111 111 211121112211321132213321442
                                                  1   1   11  11  111 111 21112111221132113221332144
                                                   1   1   11  11  111 111 2111211122113211322133214
                                                    1   1   11  11  111 111 211121112211321132213321
                                                     1   1   11  11  111 111 21112111221132113221332
                                                      1   1   11  11  111 111 2111211122113211322133
                                                       1   1   11  11  111 111 211121112211321132213
                                                        1   1   11  11  111 111 21112111221132113221
                                                         1   1   11  11  111 111 2111211122113211322
                                                          1   1   11  11  111 111 211121112211321132
                                                           1   1   11  11  111 111 21112111221132113
                                                            1   1   11  11  111 111 2111211122113211
                                                             1   1   11  11  111 111 211121112211321
                                                              1   1   11  11  111 111 21112111221132
                                                               1   1   11  11  111 111 2111211122113
                                                                1   1   11  11  111 111 211121112211
                                                                 1   1   11  11  111 111 21112111221
                                                                  1   1   11  11  111 111 2111211122
                                                                   1   1   11  11  111 111 211121112
                                                                    1   1   11  11  111 111 21112111
                                                                     1   1   11  11  111 111 2111211
                                                                      1   1   11  11  111 111 211121
                                                                       1   1   11  11  111 111 21112
                                                                        1   1   11  11  111 111 2111
                                                                         1   1   11  11  111 111 211
                                                                          1   1   11  11  111 111 21
                                                                           1   1   11  11  111 111 2
                                                                            1   1   11  11  111 111 
                                                                             1   1   11  11  111 111
                                                                              1   1   11  11  111 11
                                                                               1   1   11  11  111 1
                                                                                1   1   11  11  111 
                                                                                 1   1   11  11  111
                                                                                  1   1   11  11  11
                                                                                   1   1   11  11  1
                                                                                    1   1   11  11  
                                                                                     1   1   11  11 
                                                                                      1   1   11  11
                                                                                       1   1   11  1
                                                                                        1   1   11  
                                                                                         1   1   11 
                                                                                          1   1   11
                                                                                           1   1   1
                                                                                            1   1   
                                                                                             1   1  
                                                                                              1   1 
                                                                                               1   1
                                                                                                1   
                                                                                                 1  
                                                                                                  1 
                                                                                                   1
